# GENERATED by `python -m wfj.dev.level1_spells --product wow_classic_beta` at 1.60.1.70170: 157 spells a fresh level-1 character has (see the module docstring).
75
78
81
107
133
168
196
197
198
199
200
201
202
203
204
227
264
266
331
403
522
585
635
668
669
670
671
672
674
686
687
750
813
814
815
816
817
1180
1752
1853
2050
2098
2382
2457
2480
2567
2764
2973
3050
3110
3365
3716
5009
5011
5019
5176
5185
5301
5502
6233
6246
6247
6477
6478
6603
7000
7266
7267
7340
7341
7355
7814
7918
7919
8386
8737
8875
9077
9078
9116
9125
13358
14922
15590
16092
17206
17208
17209
17210
17211
17212
17214
17215
17216
17217
17218
17219
17220
17221
17222
17223
17737
18727
18728
18729
18730
18735
18736
18737
18738
18739
18740
18741
18742
19007
19505
19580
19581
19582
19589
19591
20154
20782
20784
21184
21651
21652
22027
22810
24949
27762
27763
27764
63644
63645
398603
401859
402974
409365
410657
412729
412783
415429
416189
427743
444678
444831
459695
1240826
1240827
1247613
1282735
1293657
1293712
1306742
1310786
1322574
