# Each quest's level for the voice packs' level bands, written by `make voice-levels`.
# Do not edit by hand. The client's quest cache first, VMaNGOS for quests it has not answered.
# `<quest id> <level>` per line.
1 4
2 30
5 20
6 5
7 2
8 5
9 15
10 48
11 10
12 12
13 14
14 17
15 3
16 1
17 42
18 4
19 25
20 21
21 5
22 12
23 24
24 27
25 25
26 16
27 16
28 16
29 16
30 16
31 16
32 48
33 2
34 24
35 10
36 10
37 10
38 13
39 10
40 10
45 10
46 10
47 7
48 44
49 44
50 44
51 44
52 10
53 44
54 5
55 32
56 24
57 26
58 30
59 10
60 7
61 7
62 7
63 23
64 12
65 18
66 28
67 28
68 28
69 28
70 28
71 10
72 28
73 1
74 28
75 28
76 10
77 48
78 28
79 28
80 28
81 48
82 47
83 9
84 6
85 6
86 6
87 8
88 9
89 20
90 25
91 23
92 18
93 20
94 21
95 25
96 23
97 28
98 35
99 15
100 23
101 25
102 14
103 16
104 20
105 60
106 6
107 6
108 1
109 10
110 48
111 6
112 7
113 48
114 7
115 23
116 15
117 15
118 18
119 18
120 14
121 14
122 18
123 10
124 20
125 16
126 25
127 21
128 25
129 15
130 15
131 15
132 18
133 27
134 30
135 18
136 16
137 8
138 16
139 16
140 16
141 18
142 18
143 14
144 14
145 18
146 18
147 10
148 24
149 24
150 20
151 14
152 19
153 15
154 24
155 18
156 24
157 24
158 24
159 24
160 30
161 18
162 49
163 20
164 23
165 25
166 22
167 20
168 18
169 26
170 2
171 60
172 60
173 28
174 25
175 25
176 11
177 25
178 23
179 1
180 26
181 30
182 4
183 3
184 9
185 31
186 33
187 35
188 37
189 35
190 31
191 33
192 38
193 40
194 34
195 36
196 41
197 43
198 32
199 18
200 35
201 32
202 40
203 33
204 34
205 40
206 46
207 38
208 43
209 42
210 37
211 60
212 40
213 36
214 17
215 33
216 24
217 17
218 5
219 25
220 23
221 29
222 31
223 31
224 12
225 35
226 21
227 35
228 35
229 35
230 25
231 35
232 45
233 3
234 4
235 20
236 21
237 15
238 45
239 10
240 20
241 1
242 30
243 46
244 16
245 21
246 17
247 30
248 22
249 27
250 18
251 30
252 30
253 30
254 35
255 19
256 22
257 16
258 17
260 10
261 39
262 25
263 15
264 15
265 25
266 25
267 12
268 25
269 29
270 29
271 20
272 16
273 15
274 18
275 26
276 21
277 23
278 18
279 22
280 18
281 25
282 5
283 20
284 25
285 25
286 25
287 9
288 27
289 29
290 30
291 10
292 30
293 30
294 24
295 27
296 29
297 18
298 15
299 27
301 15
302 15
303 30
304 34
305 24
306 24
307 15
308 7
309 15
310 6
311 7
312 12
313 7
314 12
315 9
316 1
317 6
318 7
319 8
320 8
321 29
322 29
323 28
324 29
325 29
328 37
329 37
330 37
331 37
332 2
333 2
334 2
335 30
336 30
337 25
338 40
339 40
340 40
341 40
342 40
343 24
344 24
345 24
346 24
347 24
348 45
349 35
350 31
351 48
352 1
353 15
354 11
355 10
356 11
357 8
358 8
359 9
360 9
361 7
362 10
363 1
364 2
365 7
366 8
367 6
368 9
369 11
370 9
371 10
372 12
373 22
374 7
375 8
376 2
377 26
378 27
379 46
380 4
381 4
382 5
383 5
384 7
385 15
386 25
387 26
388 26
389 22
390 1
391 29
392 29
393 29
394 31
395 31
396 31
397 30
398 10
399 15
400 5
401 30
403 1
404 6
405 8
406 1
407 7
408 13
409 12
410 10
411 12
412 10
413 10
414 10
415 10
416 11
417 11
418 11
419 10
420 5
421 10
422 11
423 14
424 15
425 12
426 8
427 8
428 12
429 11
430 11
431 10
432 9
433 11
434 31
435 11
436 18
437 14
438 16
439 16
440 16
441 16
442 24
443 17
444 17
445 10
446 16
447 12
448 16
449 11
450 15
451 18
452 15
453 25
454 15
455 21
456 2
457 3
458 1
459 3
460 17
461 18
462 1
463 21
464 28
465 31
466 22
467 23
468 21
469 21
470 24
471 26
472 30
473 28
474 32
475 6
476 6
477 14
478 14
479 16
480 22
481 14
482 14
483 9
484 22
485 48
486 12
487 8
488 5
489 7
490 8
491 18
492 11
493 20
494 20
495 39
496 22
497 22
498 22
499 22
500 36
501 24
502 24
503 36
504 40
505 33
506 36
507 42
508 40
509 28
510 34
511 34
512 36
513 28
514 34
515 30
516 21
517 30
518 39
519 41
520 43
521 43
522 38
523 40
524 30
525 34
526 29
527 24
528 25
529 26
530 20
531 20
532 26
533 34
534 34
535 34
536 30
537 40
538 38
539 28
540 38
541 30
542 38
543 40
544 33
545 35
546 25
547 30
548 35
549 22
550 32
551 40
552 33
553 33
554 40
555 31
556 33
557 33
558 60
559 32
560 32
561 32
562 32
563 32
564 34
565 34
566 40
567 28
568 36
569 37
570 38
571 41
572 41
573 44
574 38
575 31
576 42
577 36
578 37
579 1
580 50
581 34
582 37
583 30
584 41
585 40
586 46
587 41
588 45
589 45
590 5
591 46
592 46
593 46
594 45
595 41
596 37
597 41
598 42
599 41
600 41
601 37
602 37
603 37
604 43
605 35
606 41
607 41
608 45
609 44
610 39
611 40
613 44
614 47
615 45
616 37
617 43
618 50
619 52
620 45
621 44
622 37
623 43
624 43
625 43
626 51
627 37
628 38
629 37
630 51
631 31
632 31
633 31
634 31
635 35
636 35
637 30
638 37
639 37
640 40
641 40
642 37
643 41
644 42
645 42
646 42
647 30
648 48
649 48
650 48
651 38
652 42
653 40
654 46
655 34
656 50
657 36
658 36
659 33
660 37
661 37
662 40
663 35
664 40
665 40
666 40
667 44
668 40
669 40
670 40
671 33
672 34
673 40
674 34
675 34
676 32
677 32
678 38
679 40
680 40
681 31
682 37
683 30
684 39
685 40
686 30
687 40
688 40
689 31
690 32
691 36
692 41
693 39
694 39
695 39
696 39
697 39
698 40
699 42
700 31
701 37
702 37
703 40
704 38
705 37
706 45
707 37
708 40
709 40
710 37
711 39
712 42
713 37
714 37
715 37
716 42
717 50
718 38
719 35
720 35
721 35
722 40
723 40
724 40
725 40
726 40
727 40
728 40
729 20
730 14
731 20
732 43
733 40
734 42
735 44
736 44
737 40
738 38
739 42
741 20
742 20
743 8
744 11
745 8
746 8
747 2
748 5
749 8
750 3
751 8
752 2
753 3
754 6
755 3
756 7
757 4
758 8
759 10
760 10
761 6
762 44
763 5
764 10
765 12
766 8
767 6
768 8
769 10
770 12
771 7
772 7
773 10
774 4
775 10
776 14
777 42
778 45
779 50
780 4
781 4
782 43
783 1
784 7
785 8
786 8
787 1
788 2
789 3
790 5
791 7
792 4
793 50
794 5
795 50
796 1
797 1
798 1
799 1
800 1
801 1
802 1
803 1
804 5
805 5
806 12
808 9
809 13
810 5
811 1
812 9
813 9
814 6
815 8
816 11
817 8
818 7
819 15
821 15
822 24
823 7
824 27
825 8
826 10
827 12
828 12
829 12
830 7
831 7
832 12
833 10
834 9
835 11
836 48
837 10
838 55
839 1
840 12
841 46
842 12
843 23
844 12
845 13
846 26
847 37
848 15
849 26
850 16
851 18
852 19
853 15
854 12
855 14
856 12
857 30
858 18
860 10
861 10
862 23
863 18
864 46
865 18
866 16
867 15
868 22
869 13
870 13
871 12
872 15
873 27
874 27
875 16
876 20
877 16
878 21
879 25
880 16
881 16
882 19
883 22
884 24
885 25
886 10
887 14
888 16
889 20
890 14
891 20
892 14
893 24
894 14
895 16
896 18
897 24
898 20
899 20
900 14
901 14
902 16
903 15
904 1
905 17
906 25
907 18
908 27
909 30
910 60
911 60
912 12
913 20
914 22
915 60
916 4
917 5
918 7
919 7
920 5
921 5
922 7
923 9
924 14
925 60
926 14
927 12
928 5
929 5
930 10
931 10
932 8
933 9
934 11
935 11
936 50
937 11
938 12
939 54
940 11
941 12
942 20
943 24
944 17
945 18
947 17
948 17
949 17
950 17
951 20
952 17
953 12
954 12
955 12
956 13
957 13
958 12
959 18
960 1
961 1
962 18
963 16
964 57
965 18
966 18
967 18
968 20
969 60
970 21
971 23
972 20
973 24
974 55
975 60
976 24
977 58
978 55
979 57
980 55
981 31
982 17
983 10
984 14
985 14
986 20
987 30
990 19
991 19
992 46
993 20
994 22
995 20
996 55
997 5
998 55
999 25
1000 55
1001 12
1002 14
1003 16
1004 55
1005 20
1006 18
1007 20
1008 19
1009 25
1010 20
1011 29
1012 32
1013 26
1014 27
1015 55
1016 24
1017 25
1018 55
1019 55
1020 20
1021 32
1022 30
1023 21
1024 21
1025 24
1026 27
1027 28
1028 28
1029 28
1030 28
1031 32
1032 32
1033 22
1034 23
1035 30
1036 60
1037 30
1038 30
1039 30
1040 30
1041 30
1042 30
1043 30
1044 30
1045 30
1046 30
1047 55
1048 42
1049 38
1050 38
1051 33
1052 40
1053 40
1054 25
1055 28
1056 18
1057 27
1058 26
1059 27
1060 20
1061 17
1062 19
1063 18
1064 18
1065 18
1066 23
1067 23
1068 23
1069 20
1070 21
1071 21
1072 21
1073 21
1074 21
1075 21
1076 21
1077 21
1078 26
1079 22
1080 22
1081 28
1082 22
1083 26
1084 28
1085 21
1086 23
1087 25
1088 29
1089 29
1090 22
1091 22
1092 22
1093 21
1094 21
1095 27
1096 27
1097 15
1098 25
1099 1
1100 34
1101 34
1102 34
1103 23
1104 30
1105 30
1106 35
1107 35
1108 39
1109 33
1110 31
1111 36
1112 36
1113 33
1114 36
1115 36
1116 36
1117 36
1118 43
1119 44
1120 44
1121 44
1122 44
1123 55
1124 55
1125 55
1126 57
1127 44
1130 30
1131 30
1132 30
1133 20
1134 21
1135 30
1136 37
1137 38
1138 17
1139 45
1140 28
1141 14
1142 30
1143 31
1144 30
1145 33
1146 33
1147 35
1148 35
1149 26
1150 30
1151 30
1152 30
1153 29
1154 30
1155 55
1156 58
1157 57
1158 58
1159 30
1160 36
1161 58
1162 58
1163 58
1164 36
1166 43
1167 28
1168 43
1169 43
1170 43
1171 43
1172 45
1173 45
1174 1
1175 33
1176 30
1177 36
1178 37
1179 30
1180 37
1181 37
1182 37
1183 37
1184 35
1185 57
1186 37
1187 41
1188 41
1189 41
1190 41
1191 41
1192 42
1193 60
1194 41
1195 25
1196 29
1197 29
1198 24
1199 25
1200 27
1201 35
1202 35
1203 35
1204 38
1205 45
1206 35
1218 35
1219 35
1220 35
1221 26
1222 37
1238 35
1239 35
1240 35
1241 28
1242 28
1243 28
1244 30
1245 30
1246 31
1247 31
1248 33
1249 33
1250 33
1251 35
1252 40
1253 35
1258 40
1259 40
1260 38
1261 40
1262 40
1263 35
1264 33
1265 35
1266 36
1267 38
1268 35
1269 37
1270 37
1271 37
1273 37
1274 28
1275 24
1276 37
1277 40
1278 45
1281 35
1282 35
1283 35
1284 35
1285 38
1286 38
1287 38
1288 38
1289 38
1301 35
1302 35
1318 60
1319 35
1320 35
1321 35
1322 37
1323 37
1324 38
1338 14
1339 15
1358 15
1359 15
1360 43
1361 32
1362 32
1363 41
1364 41
1365 35
1366 31
1367 33
1368 33
1369 33
1370 35
1371 35
1372 42
1373 37
1374 37
1375 37
1380 42
1381 42
1382 35
1383 42
1384 32
1385 35
1386 32
1387 31
1388 42
1389 35
1390 60
1391 42
1392 39
1393 38
1394 36
1395 45
1396 37
1398 42
1418 35
1419 40
1420 40
1421 35
1422 45
1423 40
1424 43
1425 42
1426 43
1427 43
1428 45
1429 44
1430 44
1431 30
1432 30
1433 33
1434 33
1435 33
1436 33
1437 33
1438 33
1439 33
1440 33
1441 33
1442 22
1444 44
1445 50
1446 53
1447 31
1448 43
1449 43
1450 43
1451 43
1452 43
1453 33
1454 39
1455 39
1456 39
1457 39
1458 33
1459 35
1460 37
1461 37
1462 4
1463 4
1464 13
1465 33
1466 40
1467 40
1468 60
1469 43
1470 3
1471 10
1472 20
1473 10
1474 20
1475 50
1476 20
1477 45
1478 10
1479 60
1480 33
1481 33
1482 35
1483 21
1484 33
1485 4
1486 17
1487 21
1488 40
1489 16
1490 16
1491 18
1492 11
1498 10
1499 4
1500 25
1501 11
1502 10
1503 10
1504 11
1505 10
1506 10
1507 20
1508 20
1509 20
1510 20
1511 20
1512 20
1513 20
1514 55
1515 20
1516 4
1517 4
1518 4
1519 4
1520 4
1521 4
1522 10
1523 10
1524 11
1525 12
1526 13
1527 13
1528 20
1529 20
1530 22
1531 30
1532 30
1534 23
1535 22
1536 22
1558 60
1559 37
1560 50
1578 12
1579 12
1580 12
1581 8
1582 18
1598 4
1599 4
1618 16
1638 10
1639 10
1640 10
1641 12
1642 12
1643 12
1644 13
1645 12
1646 12
1647 12
1648 13
1649 20
1650 23
1651 25
1652 25
1653 21
1654 22
1655 22
1656 5
1657 60
1658 60
1659 30
1660 30
1661 40
1665 10
1666 10
1667 10
1678 11
1679 10
1680 11
1681 11
1682 10
1683 10
1684 10
1685 10
1686 10
1687 60
1688 10
1689 10
1690 43
1691 44
1692 10
1693 10
1698 20
1699 22
1700 28
1701 28
1702 22
1703 28
1704 28
1705 28
1706 30
1707 44
1708 29
1709 30
1710 30
1711 30
1712 40
1713 40
1714 37
1715 10
1716 20
1717 20
1718 30
1719 30
1738 20
1739 20
1740 25
1758 30
1778 13
1779 13
1780 13
1781 13
1782 28
1783 13
1784 13
1785 13
1786 13
1787 13
1788 13
1789 12
1790 12
1791 30
1792 40
1793 20
1794 20
1795 30
1796 31
1798 30
1799 40
1800 60
1801 30
1802 30
1803 30
1804 30
1805 30
1806 22
1818 10
1819 10
1820 10
1821 11
1822 11
1823 20
1824 20
1825 20
1838 30
1839 30
1840 30
1841 30
1842 30
1843 30
1844 30
1845 30
1846 30
1847 30
1848 30
1858 13
1859 10
1860 10
1861 10
1878 44
1879 10
1880 10
1881 10
1882 10
1883 10
1884 10
1885 10
1886 13
1898 13
1899 13
1918 27
1919 15
1920 16
1921 15
1938 28
1939 26
1940 26
1941 15
1942 26
1943 26
1944 26
1945 26
1946 26
1947 38
1948 40
1949 38
1950 30
1951 40
1952 40
1953 40
1954 40
1955 40
1956 40
1957 40
1958 40
1959 15
1960 16
1961 15
1962 15
1963 13
1978 13
1998 16
1999 20
2038 15
2039 15
2040 20
2041 15
2078 20
2098 20
2118 14
2138 16
2139 18
2158 5
2159 5
2160 5
2161 5
2178 12
2198 41
2199 41
2200 42
2201 43
2202 42
2203 44
2204 44
2205 10
2206 10
2218 10
2238 10
2239 10
2240 40
2241 10
2242 10
2258 39
2259 16
2260 16
2278 47
2279 47
2280 47
2281 16
2282 20
2283 41
2284 41
2298 16
2299 16
2300 16
2318 42
2338 42
2339 44
2340 44
2341 44
2342 43
2358 22
2359 24
2360 20
2361 44
2378 16
2379 16
2380 16
2381 18
2382 16
2383 1
2398 40
2399 10
2418 36
2438 6
2439 47
2440 47
2458 20
2459 8
2460 20
2478 24
2479 26
2480 20
2498 9
2499 9
2500 39
2501 44
2518 12
2519 10
2520 12
2521 55
2522 55
2523 55
2541 8
2561 10
2581 50
2582 50
2583 50
2584 50
2585 50
2586 50
2601 50
2602 50
2603 50
2604 50
2605 49
2606 49
2607 20
2608 20
2609 20
2621 50
2622 50
2623 55
2641 49
2661 49
2662 49
2681 57
2701 57
2702 57
2721 58
2741 47
2742 47
2743 60
2744 60
2745 31
2746 31
2747 60
2748 60
2749 60
2750 60
2751 32
2752 32
2753 36
2754 36
2755 36
2756 40
2757 40
2758 40
2759 40
2760 40
2761 45
2762 45
2763 45
2764 45
2765 45
2766 45
2767 45
2768 47
2769 46
2770 50
2771 45
2772 45
2773 45
2781 46
2782 47
2783 57
2784 50
2801 57
2821 46
2822 46
2841 35
2842 35
2843 35
2844 49
2845 49
2846 46
2847 45
2848 45
2849 45
2850 45
2851 45
2852 45
2853 45
2854 45
2855 45
2856 45
2857 45
2858 45
2859 45
2860 45
2861 46
2862 42
2863 43
2864 45
2865 45
2866 43
2867 43
2868 50
2869 43
2870 45
2871 45
2872 45
2873 45
2874 45
2875 45
2876 45
2877 48
2878 55
2879 50
2880 45
2881 45
2882 45
2902 43
2903 43
2904 30
2922 26
2923 26
2924 30
2925 30
2926 27
2927 27
2928 30
2929 35
2930 30
2931 28
2932 42
2933 43
2934 45
2935 45
2936 45
2937 55
2938 55
2939 47
2940 47
2941 48
2942 50
2943 48
2944 48
2945 34
2946 50
2947 34
2948 35
2949 34
2950 35
2951 30
2952 30
2953 30
2954 50
2962 30
2963 50
2964 50
2965 50
2966 50
2967 50
2968 50
2969 47
2970 47
2971 32
2972 47
2973 45
2974 45
2975 43
2976 45
2977 50
2978 43
2979 46
2980 44
2981 43
2982 44
2983 10
2984 10
2985 20
2986 20
2987 43
2988 45
2989 48
2990 47
2991 47
2992 47
2993 47
2994 51
2995 47
2996 30
2997 12
2998 12
2999 12
3000 12
3001 30
3002 47
3022 47
3042 45
3062 50
3063 50
3064 45
3065 1
3082 1
3083 1
3084 1
3085 1
3086 1
3087 1
3088 1
3089 1
3090 1
3091 1
3092 1
3093 1
3094 1
3095 1
3096 1
3097 1
3098 1
3099 1
3100 1
3101 1
3102 1
3103 1
3104 1
3105 1
3106 1
3107 1
3108 1
3109 1
3110 1
3111 1
3112 1
3113 1
3114 1
3115 1
3116 1
3117 1
3118 1
3119 1
3120 1
3121 45
3122 45
3123 47
3124 47
3125 45
3126 50
3127 50
3128 50
3129 50
3130 43
3141 57
3161 48
3181 48
3182 48
3201 48
3221 12
3241 11
3261 18
3281 18
3301 15
3321 50
3341 42
3361 3
3362 50
3363 55
3364 5
3365 5
3366 25
3367 48
3368 48
3369 25
3370 25
3371 55
3372 52
3373 55
3374 55
3375 42
3376 5
3377 50
3378 50
3379 50
3380 51
3381 48
3382 57
3383 55
3384 55
3385 50
3401 48
3402 50
3403 48
3404 48
3405 48
3421 55
3422 45
3423 45
3424 45
3425 48
3441 48
3442 48
3443 48
3444 51
3445 51
3446 51
3447 51
3448 52
3449 52
3450 52
3451 52
3452 50
3453 50
3454 50
3461 52
3462 50
3463 52
3481 50
3482 35
3483 52
3501 55
3502 55
3503 55
3504 53
3505 53
3506 56
3507 56
3508 58
3509 58
3510 58
3511 58
3512 55
3513 25
3514 29
3515 42
3516 10
3517 52
3518 52
3519 4
3520 44
3521 4
3522 4
3523 37
3524 13
3525 37
3526 47
3527 47
3528 53
3529 52
3541 52
3542 52
3561 52
3562 52
3563 52
3564 52
3565 52
3566 52
3567 25
3568 52
3569 52
3570 52
3581 60
3601 53
3602 58
3621 58
3622 41
3625 58
3626 58
3627 60
3628 60
3629 47
3630 47
3631 40
3632 47
3633 47
3634 47
3635 47
3636 42
3637 47
3638 47
3639 47
3640 47
3641 47
3642 47
3643 47
3644 47
3645 47
3646 47
3647 47
3661 47
3681 12
3701 54
3702 54
3721 50
3741 15
3761 50
3762 50
3763 50
3764 50
3765 24
3781 50
3782 50
3783 56
3784 50
3785 50
3786 50
3787 50
3788 50
3789 50
3790 50
3791 50
3792 55
3801 52
3802 52
3803 55
3804 55
3821 52
3822 53
3823 52
3824 53
3825 53
3841 47
3842 47
3843 47
3844 52
3845 52
3861 1
3881 53
3882 51
3883 52
3884 50
3885 55
3901 3
3902 3
3903 4
3904 4
3905 4
3906 52
3907 56
3908 52
3909 52
3911 54
3912 52
3913 52
3914 52
3921 14
3922 15
3923 18
3924 19
3941 52
3942 54
3961 54
3962 56
3981 52
3982 54
4001 54
4002 54
4003 59
4004 60
4005 54
4021 20
4022 54
4023 54
4024 58
4041 52
4061 54
4062 54
4063 58
4081 52
4082 54
4083 55
4084 54
4101 55
4102 55
4103 55
4104 55
4105 55
4106 55
4107 55
4108 55
4109 55
4110 55
4111 55
4112 55
4113 55
4114 55
4115 55
4116 55
4117 55
4118 55
4119 55
4120 52
4121 58
4122 58
4123 55
4124 43
4125 43
4126 55
4127 44
4128 55
4129 44
4130 44
4131 44
4132 58
4133 55
4134 55
4135 46
4136 53
4141 52
4142 52
4143 52
4144 53
4145 52
4146 52
4147 52
4148 53
4161 7
4181 47
4182 54
4183 54
4184 54
4185 54
4186 54
4201 54
4221 55
4222 55
4223 54
4224 54
4241 54
4242 54
4243 53
4244 53
4245 53
4261 56
4262 52
4263 56
4264 58
4265 46
4266 46
4267 46
4281 44
4282 58
4283 56
4284 53
4285 53
4286 56
4287 53
4288 53
4289 55
4290 53
4291 53
4292 56
4293 52
4294 56
4295 1
4296 50
4297 47
4298 48
4299 50
4300 52
4301 55
4321 53
4322 58
4323 26
4324 53
4341 59
4342 59
4343 55
4361 59
4362 59
4363 59
4381 53
4382 53
4383 53
4384 53
4385 53
4386 53
4401 55
4402 3
4403 55
4421 54
4441 54
4442 54
4443 55
4444 55
4445 55
4446 55
4447 55
4448 55
4449 45
4450 46
4451 47
4461 55
4462 55
4463 55
4464 55
4465 55
4466 55
4467 55
4481 55
4482 55
4483 55
4484 55
4485 40
4486 40
4487 40
4488 40
4489 40
4490 40
4491 55
4492 55
4493 53
4494 53
4495 4
4496 53
4501 55
4502 55
4503 51
4504 54
4505 54
4506 54
4507 54
4508 54
4509 54
4510 54
4511 54
4512 52
4513 54
4521 56
4542 25
4561 52
4581 29
4601 30
4602 30
4603 30
4604 30
4605 30
4606 30
4621 60
4641 1
4642 55
4661 52
4681 14
4701 59
4721 59
4722 13
4723 13
4724 59
4725 15
4726 52
4727 15
4728 14
4729 59
4730 16
4731 19
4732 19
4733 19
4734 60
4735 60
4736 31
4737 31
4738 31
4739 31
4740 18
4741 58
4742 60
4743 60
4761 15
4762 15
4763 18
4764 60
4765 60
4766 60
4767 29
4768 60
4769 60
4770 29
4771 60
4781 34
4782 34
4783 37
4784 37
4785 37
4786 38
4787 50
4788 58
4801 60
4802 60
4803 60
4804 60
4805 60
4806 60
4807 60
4808 54
4809 54
4810 54
4811 14
4812 14
4813 14
4821 26
4822 60
4841 25
4842 56
4861 59
4862 59
4863 59
4864 59
4865 26
4866 60
4867 60
4881 28
4882 59
4883 59
4901 59
4902 57
4903 60
4904 29
4906 54
4907 60
4921 20
4941 60
4961 40
4962 40
4963 40
4964 40
4965 35
4966 28
4967 35
4968 35
4969 35
4970 60
4971 56
4972 56
4973 56
4974 60
4975 40
4976 40
4981 59
4982 59
4983 59
4984 54
4985 56
4986 56
4987 56
5001 59
5002 59
5021 52
5022 52
5023 52
5041 14
5042 20
5043 20
5044 20
5045 20
5046 20
5047 60
5048 52
5049 52
5050 52
5051 54
5052 21
5053 1
5054 56
5055 58
5056 60
5057 60
5058 55
5059 55
5060 55
5061 16
5062 27
5063 60
5064 28
5065 58
5066 50
5067 60
5068 60
5081 60
5082 56
5083 56
5084 56
5085 56
5086 56
5087 57
5088 28
5089 60
5090 50
5091 50
5092 52
5093 50
5094 50
5095 50
5096 53
5097 56
5098 56
5101 5
5102 60
5103 60
5121 59
5122 60
5123 59
5124 60
5125 60
5126 60
5127 60
5128 59
5141 55
5142 55
5143 55
5144 55
5145 55
5146 55
5147 29
5148 55
5149 55
5150 55
5151 30
5152 56
5153 56
5154 56
5155 51
5156 54
5157 52
5158 52
5159 54
5160 60
5161 60
5162 60
5163 58
5164 60
5165 55
5166 60
5167 60
5168 56
5181 57
5201 60
5202 55
5203 55
5204 57
5205 49
5206 60
5207 49
5208 49
5209 49
5210 56
5211 55
5212 60
5213 60
5214 60
5215 53
5216 53
5217 53
5218 53
5219 55
5220 55
5221 55
5222 55
5223 55
5224 55
5225 58
5226 58
5227 58
5228 53
5229 53
5230 53
5231 55
5232 55
5233 55
5234 55
5235 58
5236 58
5237 58
5238 58
5241 56
5242 58
5243 60
5244 56
5245 56
5246 56
5247 57
5248 58
5249 56
5250 56
5251 60
5252 58
5253 58
5261 2
5262 60
5263 60
5264 60
5265 60
5281 60
5282 60
5283 40
5284 40
5301 40
5302 40
5305 60
5306 60
5307 60
5321 20
5341 60
5342 60
5343 60
5344 60
5361 35
5381 38
5382 60
5383 60
5384 60
5385 57
5386 37
5401 55
5402 55
5403 55
5404 55
5405 55
5406 55
5407 55
5408 55
5421 25
5441 4
5461 60
5462 60
5463 60
5464 60
5465 60
5466 60
5481 5
5482 6
5501 39
5502 60
5503 55
5504 60
5505 60
5506 56
5507 60
5508 55
5509 55
5510 55
5511 60
5512 56
5513 60
5514 57
5515 60
5516 58
5517 60
5518 60
5519 60
5520 58
5521 60
5522 60
5523 58
5524 60
5525 60
5526 60
5527 60
5528 60
5529 58
5530 60
5531 60
5532 58
5533 55
5534 53
5535 47
5536 47
5537 57
5538 57
5541 6
5542 56
5543 56
5544 56
5545 9
5561 34
5581 38
5582 58
5601 55
5621 4
5622 4
5623 4
5624 4
5625 4
5626 4
5627 10
5628 10
5629 10
5630 10
5631 10
5632 10
5633 10
5634 10
5635 10
5636 10
5637 10
5638 10
5639 10
5640 10
5641 20
5642 20
5643 20
5644 20
5645 20
5646 20
5647 20
5648 4
5649 4
5650 4
5651 4
5652 10
5654 10
5655 10
5656 10
5657 10
5658 10
5659 10
5660 10
5661 10
5662 10
5663 10
5672 20
5673 20
5674 20
5675 20
5676 20
5677 20
5678 20
5679 20
5680 20
5713 15
5721 60
5722 16
5723 15
5724 16
5725 16
5726 12
5727 12
5728 16
5729 15
5730 16
5741 33
5742 56
5761 16
5762 31
5763 31
5781 57
5801 57
5802 57
5803 60
5804 60
5805 1
5821 35
5841 1
5842 1
5843 1
5844 1
5845 58
5846 58
5847 1
5848 60
5861 60
5862 60
5863 49
5881 28
5882 55
5883 55
5884 55
5885 55
5886 55
5887 55
5888 55
5889 55
5890 55
5891 55
5892 55
5893 55
5901 55
5902 55
5903 55
5904 55
5921 10
5922 10
5923 10
5924 10
5925 10
5926 10
5927 10
5928 10
5929 10
5930 10
5931 10
5932 10
5941 60
5942 60
5943 38
5944 60
5961 56
5981 60
6000 50
6001 10
6002 10
6004 56
6021 55
6022 58
6023 57
6024 60
6025 58
6026 58
6027 38
6028 52
6029 52
6030 52
6031 55
6032 55
6041 58
6042 58
6061 10
6062 10
6063 10
6064 10
6065 10
6066 10
6067 10
6068 10
6069 10
6070 10
6071 10
6072 10
6073 10
6074 10
6075 10
6076 10
6081 10
6082 10
6083 10
6084 10
6085 10
6086 10
6087 10
6088 10
6089 10
6101 10
6102 10
6103 10
6121 14
6122 14
6123 14
6124 14
6125 14
6126 14
6127 14
6128 14
6129 14
6130 14
6131 48
6132 39
6133 60
6134 39
6135 60
6136 60
6141 39
6142 35
6143 36
6144 60
6145 60
6146 60
6147 60
6148 60
6161 36
6162 51
6163 60
6164 55
6165 58
6181 10
6182 60
6183 60
6184 60
6185 60
6186 60
6187 60
6201 65
6221 55
6241 56
6261 10
6281 10
6282 26
6283 26
6284 21
6285 10
6301 23
6321 10
6322 10
6323 10
6324 10
6341 10
6342 10
6343 10
6344 10
6361 10
6362 10
6363 10
6364 10
6365 10
6381 25
6382 20
6383 20
6384 10
6385 10
6386 10
6387 10
6388 10
6389 55
6390 55
6391 10
6392 10
6393 25
6394 4
6395 5
6401 18
6402 60
6403 60
6421 18
6441 26
6442 19
6461 19
6462 24
6481 20
6482 24
6501 60
6502 60
6503 24
6504 30
6521 36
6522 36
6523 18
6541 19
6542 19
6543 19
6544 24
6545 19
6546 25
6547 21
6548 18
6561 27
6562 22
6563 22
6564 22
6565 26
6566 60
6567 60
6568 60
6569 60
6570 60
6571 27
6581 27
6582 60
6583 60
6584 60
6585 60
6601 60
6602 60
6603 56
6604 59
6605 54
6606 60
6607 45
6608 45
6609 45
6610 45
6611 45
6612 45
6621 26
6622 45
6623 45
6624 45
6625 45
6626 35
6627 30
6628 30
6629 18
6641 23
6642 60
6643 60
6644 60
6645 60
6646 60
6661 12
6662 12
6681 24
6701 60
6721 10
6722 10
6741 60
6761 55
6762 55
6781 60
6801 60
6804 56
6805 57
6821 60
6822 60
6823 60
6824 60
6825 60
6826 60
6827 60
6841 55
6842 58
6844 57
6845 57
6846 60
6847 60
6848 60
6861 60
6862 60
6881 60
6901 60
6921 27
6922 30
6941 60
6942 60
6943 60
6961 60
6962 60
6963 60
6964 60
6981 26
6982 55
6983 60
6984 60
6985 55
7001 60
7002 60
7003 48
7021 60
7022 60
7023 60
7024 60
7025 60
7026 60
7027 60
7028 47
7029 47
7041 47
7042 60
7043 60
7044 49
7045 60
7046 49
7061 60
7062 60
7063 60
7064 51
7065 51
7066 51
7067 48
7068 42
7070 42
7081 60
7082 60
7101 60
7102 60
7121 60
7122 60
7123 60
7124 60
7141 60
7142 60
7161 60
7162 60
7163 60
7164 60
7165 60
7166 60
7167 60
7168 60
7169 60
7170 60
7171 60
7172 60
7181 60
7201 54
7202 60
7221 60
7222 60
7223 60
7224 60
7241 60
7261 60
7281 60
7282 60
7301 60
7302 60
7321 31
7341 60
7342 60
7361 60
7362 60
7363 60
7364 60
7365 60
7366 60
7367 60
7368 60
7381 60
7382 60
7383 11
7385 60
7386 60
7401 60
7402 60
7421 60
7422 60
7423 60
7424 60
7425 60
7426 60
7427 60
7428 60
7429 60
7441 58
7461 60
7462 60
7463 60
7478 60
7479 60
7480 60
7481 60
7482 60
7483 60
7484 60
7485 60
7486 60
7487 60
7488 57
7489 57
7490 60
7491 60
7492 57
7493 60
7494 57
7495 60
7496 60
7497 60
7498 60
7499 60
7500 60
7501 60
7502 60
7503 60
7504 60
7505 60
7506 60
7507 60
7508 60
7509 60
7521 60
7541 40
7562 58
7563 58
7564 58
7581 60
7582 60
7583 60
7601 50
7602 55
7603 55
7604 60
7621 60
7622 60
7623 58
7624 58
7625 60
7626 60
7627 60
7628 60
7629 60
7630 60
7631 60
7632 60
7633 60
7634 60
7635 60
7636 60
7637 60
7638 60
7639 60
7640 60
7641 60
7642 60
7643 60
7644 60
7645 60
7646 60
7647 60
7648 60
7649 60
7650 60
7651 60
7652 60
7653 60
7654 60
7655 60
7656 60
7657 60
7658 60
7659 60
7660 1
7661 1
7662 1
7663 1
7664 1
7665 1
7666 60
7667 60
7668 60
7669 60
7670 60
7671 1
7672 1
7673 1
7674 1
7675 1
7676 1
7677 1
7678 1
7681 10
7682 10
7701 50
7703 60
7704 50
7721 48
7722 50
7723 49
7724 49
7725 55
7726 55
7727 49
7728 48
7729 48
7730 45
7731 47
7732 48
7733 48
7734 48
7735 48
7736 60
7737 60
7738 48
7761 60
7781 60
7782 60
7783 60
7784 60
7785 60
7786 60
7787 60
7788 25
7789 25
7791 60
7792 60
7793 60
7794 60
7795 60
7796 60
7797 1
7798 60
7799 60
7800 60
7801 60
7802 60
7803 60
7804 60
7805 60
7806 60
7807 60
7808 60
7809 60
7810 55
7811 60
7812 60
7813 60
7814 60
7815 50
7816 48
7817 60
7818 60
7819 60
7820 60
7821 60
7822 60
7823 60
7824 60
7825 60
7826 60
7827 60
7828 48
7829 48
7830 48
7831 60
7832 60
7833 60
7834 60
7835 60
7836 60
7837 60
7838 55
7839 48
7840 49
7841 48
7842 48
7843 50
7844 48
7845 51
7846 51
7847 51
7848 60
7849 50
7850 50
7861 51
7862 51
7863 34
7864 44
7865 60
7866 34
7867 44
7868 60
7871 35
7872 49
7873 59
7874 35
7875 49
7876 59
7877 60
7881 60
7882 60
7883 60
7884 60
7885 60
7886 55
7887 35
7888 45
7889 60
7890 60
7891 60
7892 60
7893 60
7894 60
7895 60
7896 60
7897 60
7898 60
7899 60
7900 60
7901 60
7902 60
7903 60
7904 60
7905 60
7907 55
7908 55
7921 25
7922 55
7923 45
7924 35
7925 25
7926 60
7927 55
7928 55
7929 55
7930 60
7931 60
7932 60
7933 60
7934 60
7935 60
7936 60
7937 60
7938 60
7939 60
7940 60
7941 60
7942 60
7943 60
7944 60
7945 60
7946 1
7961 1
7962 1
7981 60
8001 3
8021 60
8022 60
8023 60
8024 60
8025 60
8026 60
8041 60
8042 60
8043 60
8044 60
8045 60
8046 60
8047 60
8048 60
8049 60
8050 60
8051 60
8052 60
8053 60
8054 60
8055 60
8056 60
8057 60
8058 60
8059 60
8060 60
8061 60
8062 60
8063 60
8064 60
8065 60
8066 60
8067 60
8068 60
8069 60
8070 60
8071 60
8072 60
8073 60
8074 60
8075 60
8076 60
8077 60
8078 60
8079 60
8080 59
8081 55
8101 60
8102 60
8103 60
8104 60
8105 55
8106 60
8107 60
8108 60
8109 60
8110 60
8111 60
8112 60
8113 60
8114 60
8115 60
8116 60
8117 60
8118 60
8119 60
8120 55
8121 60
8122 60
8123 59
8124 55
8141 60
8142 60
8143 60
8144 60
8145 60
8146 60
8147 60
8148 60
8149 60
8150 60
8151 52
8153 52
8154 49
8155 25
8156 35
8157 45
8158 25
8159 35
8160 49
8161 35
8162 25
8163 45
8164 35
8165 25
8166 45
8167 35
8168 25
8169 45
8170 35
8171 25
8181 58
8182 58
8183 60
8184 60
8185 60
8186 60
8187 60
8188 60
8189 60
8190 60
8191 60
8192 60
8193 60
8194 60
8195 60
8196 60
8201 60
8221 60
8222 60
8223 60
8224 60
8225 60
8227 60
8228 60
8229 60
8231 52
8232 52
8233 52
8234 52
8235 52
8236 52
8237 50
8238 60
8239 60
8240 60
8241 60
8242 60
8243 60
8246 60
8249 60
8250 52
8251 52
8252 52
8253 52
8254 52
8255 52
8256 52
8257 52
8258 60
8259 60
8260 34
8261 44
8262 60
8263 34
8264 44
8265 60
8266 60
8267 60
8268 60
8269 60
8271 60
8272 60
8273 47
8274 5
8275 55
8276 55
8277 55
8278 57
8279 60
8280 55
8281 57
8282 58
8283 59
8284 58
8285 59
8286 60
8287 60
8288 60
8289 15
8290 15
8291 60
8292 60
8293 60
8294 60
8295 15
8296 15
8297 60
8298 60
8299 60
8300 60
8301 60
8302 60
8303 60
8304 60
8305 60
8306 60
8307 57
8308 60
8309 60
8310 60
8311 60
8312 60
8313 57
8314 60
8315 60
8316 60
8317 57
8318 60
8319 60
8320 60
8321 60
8322 60
8323 59
8324 59
8331 60
8332 60
8333 60
8341 60
8342 60
8343 60
8348 60
8349 60
8351 60
8352 60
8353 60
8354 60
8355 60
8356 60
8357 60
8358 60
8359 60
8360 60
8361 60
8362 60
8363 60
8364 60
8365 45
8366 45
8367 60
8368 19
8369 60
8370 29
8371 60
8372 19
8373 60
8374 29
8375 60
8376 60
8377 60
8378 60
8379 60
8380 60
8381 60
8382 60
8383 60
8384 29
8385 60
8386 19
8387 60
8388 60
8389 19
8390 29
8391 39
8392 49
8393 39
8394 49
8395 59
8396 60
8397 59
8398 60
8399 29
8400 39
8401 49
8402 59
8403 60
8404 29
8405 39
8406 49
8407 59
8408 60
8409 60
8410 52
8411 52
8412 52
8413 52
8414 52
8415 52
8416 52
8417 52
8418 52
8419 52
8420 52
8421 52
8422 52
8423 52
8424 52
8425 52
8426 29
8427 39
8428 49
8429 59
8430 60
8431 29
8432 39
8433 49
8434 59
8435 60
8436 39
8437 49
8438 59
8439 60
8440 39
8441 49
8442 59
8443 60
8444 58
8445 58
8446 60
8447 60
8458 33
8459 1
8460 48
8461 55
8462 55
8464 58
8465 55
8466 55
8467 55
8469 56
8470 55
8471 56
8481 60
8484 60
8485 60
8492 60
8493 60
8494 60
8495 60
8496 60
8497 60
8498 60
8499 60
8500 60
8501 60
8502 60
8503 60
8504 60
8505 60
8506 60
8507 60
8508 60
8509 60
8510 60
8511 60
8512 60
8513 60
8514 60
8515 60
8516 60
8517 60
8518 60
8519 60
8520 60
8521 60
8522 60
8523 60
8524 60
8525 60
8526 60
8527 60
8528 60
8529 60
8530 60
8532 60
8533 60
8534 60
8535 60
8536 60
8537 60
8538 60
8539 60
8540 60
8541 60
8542 60
8543 60
8544 60
8545 60
8546 60
8548 60
8549 60
8550 60
8551 47
8552 50
8553 50
8554 50
8555 60
8556 60
8557 60
8558 60
8559 60
8560 60
8561 60
8562 60
8565 1
8566 1
8567 1
8568 1
8569 1
8570 1
8572 60
8573 60
8574 60
8575 60
8576 60
8577 60
8578 60
8579 60
8580 60
8581 60
8582 60
8583 60
8584 60
8585 60
8586 60
8587 60
8588 60
8589 60
8590 60
8591 60
8592 60
8593 60
8594 60
8595 60
8596 60
8597 60
8598 60
8599 60
8600 60
8601 60
8602 60
8603 60
8604 60
8605 60
8606 60
8607 60
8608 60
8609 60
8610 60
8611 60
8612 60
8613 60
8614 60
8615 60
8616 60
8617 60
8619 60
8620 60
8621 60
8622 60
8623 60
8624 60
8625 60
8626 60
8627 60
8628 60
8629 60
8630 60
8631 60
8632 60
8633 60
8634 60
8635 60
8636 60
8637 60
8638 60
8639 60
8640 60
8641 60
8642 60
8643 60
8644 60
8645 60
8646 60
8647 60
8648 60
8649 60
8650 60
8651 60
8652 60
8653 60
8654 60
8655 60
8656 60
8657 60
8658 60
8659 60
8660 60
8661 60
8662 60
8663 60
8664 60
8665 60
8666 60
8667 60
8668 60
8669 60
8670 60
8671 60
8672 60
8673 60
8674 60
8675 60
8676 60
8677 60
8678 60
8679 60
8680 60
8681 60
8682 60
8683 60
8684 60
8685 60
8686 60
8687 60
8688 60
8689 60
8690 60
8691 60
8692 60
8693 60
8694 60
8695 60
8696 60
8697 60
8698 60
8699 60
8700 60
8701 60
8702 60
8703 60
8704 60
8705 60
8706 60
8707 60
8708 60
8709 60
8710 60
8711 60
8712 60
8713 60
8714 60
8715 60
8716 60
8717 60
8718 60
8719 60
8720 60
8721 60
8722 60
8723 60
8724 60
8725 60
8726 60
8727 60
8728 60
8729 60
8730 60
8731 60
8732 60
8733 60
8734 60
8735 60
8736 60
8737 60
8738 60
8739 60
8740 60
8741 60
8742 60
8743 60
8744 1
8745 60
8746 60
8747 60
8748 60
8749 60
8750 60
8751 60
8752 60
8753 60
8754 60
8755 60
8756 60
8757 60
8758 60
8759 60
8760 60
8761 60
8762 60
8763 60
8764 60
8765 60
8766 60
8767 1
8768 20
8769 40
8770 60
8771 60
8772 60
8773 60
8774 60
8775 60
8776 60
8777 60
8778 60
8779 60
8780 60
8781 60
8782 60
8783 60
8784 60
8785 60
8786 60
8787 60
8788 1
8789 60
8790 60
8791 60
8792 60
8793 60
8794 60
8795 60
8796 60
8797 60
8798 60
8799 60
8800 60
8801 60
8802 60
8803 10
8804 60
8805 60
8806 60
8807 60
8808 60
8809 60
8810 60
8811 60
8812 60
8813 60
8814 60
8815 60
8816 60
8817 60
8818 60
8819 60
8820 60
8821 60
8822 60
8823 60
8824 60
8825 60
8826 60
8827 1
8828 1
8829 60
8830 60
8831 60
8832 60
8833 60
8834 60
8835 60
8836 60
8837 60
8838 60
8839 60
8840 60
8841 60
8842 60
8843 60
8844 60
8845 60
8846 19
8847 29
8848 39
8849 49
8850 60
8851 19
8852 29
8853 39
8854 49
8855 60
8857 60
8858 60
8859 60
8860 60
8861 60
8862 60
8863 60
8864 60
8865 60
8866 60
8867 60
8868 60
8869 60
8870 60
8871 60
8872 60
8873 60
8874 60
8875 60
8876 60
8877 60
8878 60
8879 60
8880 60
8881 60
8882 60
8883 60
8893 47
8897 60
8898 60
8899 60
8900 60
8901 60
8902 60
8903 60
8904 60
8905 60
8906 60
8907 60
8908 60
8909 60
8910 60
8911 60
8912 60
8913 60
8914 60
8915 60
8916 60
8917 60
8918 60
8919 60
8920 60
8921 60
8922 60
8923 60
8924 60
8925 60
8926 60
8927 60
8928 60
8929 60
8930 60
8931 60
8932 60
8933 60
8934 60
8935 60
8936 60
8937 60
8938 60
8939 60
8940 60
8941 60
8942 60
8943 60
8944 60
8945 60
8946 60
8947 60
8948 60
8949 60
8950 60
8951 60
8952 60
8953 60
8954 60
8955 60
8956 60
8957 60
8958 60
8959 60
8960 60
8961 60
8962 60
8963 60
8964 60
8965 60
8966 60
8967 60
8968 60
8969 60
8970 60
8971 10
8972 10
8973 10
8974 10
8975 10
8976 10
8977 60
8978 60
8979 60
8980 60
8981 60
8982 60
8983 60
8984 60
8985 60
8986 60
8987 60
8988 60
8989 60
8990 60
8991 60
8992 60
8993 60
8994 60
8995 60
8996 60
8997 60
8998 60
8999 60
9000 60
9001 60
9002 60
9003 60
9004 60
9005 60
9006 60
9007 60
9008 60
9009 60
9010 60
9011 60
9012 60
9013 60
9014 60
9015 60
9016 60
9017 60
9018 60
9019 60
9020 60
9021 60
9022 60
9023 60
9024 60
9025 60
9026 60
9027 60
9028 60
9029 60
9030 60
9032 60
9033 60
9034 60
9036 60
9037 60
9038 60
9039 60
9040 60
9041 60
9042 60
9043 60
9044 60
9045 60
9046 60
9047 60
9048 60
9049 60
9050 60
9051 52
9052 52
9053 52
9054 60
9055 60
9056 60
9057 60
9058 60
9059 60
9060 60
9061 60
9063 52
9065 4
9068 60
9069 60
9070 60
9071 60
9072 60
9073 60
9074 60
9075 60
9077 60
9078 60
9079 60
9080 60
9081 60
9082 60
9083 60
9084 60
9085 60
9086 60
9087 60
9088 60
9089 60
9090 60
9091 60
9092 60
9093 60
9094 60
9095 60
9096 60
9097 60
9098 60
9099 60
9100 60
9101 60
9102 60
9103 60
9104 60
9105 60
9106 60
9107 60
9108 60
9109 60
9110 60
9111 60
9112 60
9113 60
9114 60
9115 60
9116 60
9117 60
9118 60
9120 60
9121 60
9122 60
9123 60
9124 60
9125 60
9126 60
9127 60
9128 60
9129 60
9131 60
9132 60
9136 60
9137 60
9141 60
9142 60
9153 60
9154 60
9165 60
9178 60
9179 60
9181 60
9182 60
9183 60
9184 60
9185 60
9186 60
9187 60
9188 60
9190 60
9191 60
9194 60
9195 60
9196 60
9197 60
9198 60
9200 60
9201 60
9202 60
9203 60
9204 60
9205 60
9206 60
9208 60
9209 60
9210 60
9211 60
9213 60
9221 60
9222 60
9223 60
9224 60
9225 60
9226 60
9227 60
9228 60
9229 60
9230 60
9232 60
9233 60
9234 60
9235 60
9236 60
9237 60
9238 60
9239 60
9240 60
9241 60
9242 60
9243 60
9244 60
9245 60
9246 60
9247 60
9248 60
9249 60
9250 60
9251 60
9257 60
9259 60
9260 6
9261 10
9262 10
9263 10
9264 10
9265 8
9266 60
9267 60
9268 60
9269 60
9270 60
9271 60
9272 55
9273 60
9292 60
9295 60
9296 60
9297 60
9298 60
9299 60
9300 60
9301 60
9302 60
9304 60
9310 60
9317 60
9318 60
9319 60
9320 60
9321 60
9322 60
9323 60
9324 60
9325 60
9326 60
9330 60
9331 60
9332 60
9333 60
9334 60
9335 60
9336 60
9337 60
9338 60
9339 60
9341 60
9343 60
9353 60
9362 60
9364 60
9365 60
9367 60
9368 60
9378 60
9386 60
9388 25
9389 25
9411 60
9412 60
9413 60
9414 60
9415 60
9416 60
9419 60
9422 60
9458 60
9459 60
9477 60
9478 60
9479 60
9480 60
9481 60
9482 60
9556 60
9664 60
9665 60
65593 20
65597 20
65601 20
65602 20
65603 20
65604 20
65610 27
76156 10
76160 11
76240 11
78088 30
78089 30
78090 30
78091 30
78092 30
78093 30
78124 20
78127 20
78132 25
78133 25
78134 25
78142 20
78143 20
78145 20
78146 20
78147 20
78148 20
78149 20
78150 20
78261 23
78270 23
78307 23
78676 35
78699 35
78823 40
78830 40
78916 25
78917 25
79007 22
79008 22
79091 20
79092 20
79093 20
79094 20
79095 20
79097 20
79192 24
79229 40
79235 40
79236 40
79242 40
79358 40
79360 33
79361 40
79362 25
79363 26
79364 33
79365 40
79366 40
79442 40
79535 35
79536 35
79624 40
79731 35
79947 35
79948 35
79949 35
79950 35
79951 35
79952 35
79974 32
79975 32
79976 32
79980 24
80001 40
81947 45
81949 45
81952 45
81953 45
81954 45
81955 45
81956 45
82208 45
84395 60
84396 60
84397 60
84398 60
84399 60
84400 60
84401 60
84402 60
86574 24
86576 26
86585 17
86613 18
86614 20
86667 10
86757 32
86758 16
86776 30
86784 7
87288 7
87318 33
87491 32
87760 20
88756 32
88757 33
88758 33
90902 2
91208 4
91209 4
91282 11
91285 11
91294 11
91316 11
91317 12
91723 10
91724 10
91725 10
91732 10
91733 10
91738 10
91740 10
91741 2
91743 2
91745 3
91746 10
91751 7
91752 3
91753 7
91758 4
91772 4
91775 6
91777 7
91858 22
91859 22
91860 22
91861 22
91862 22
91899 60
91900 60
91901 60
91904 60
91905 60
91906 60
91920 11
91921 11
92109 10
92110 10
92124 2
92401 22
92415 22
92421 22
92422 22
92432 33
92434 34
92454 1
92456 33
92457 33
92458 33
92459 33
92460 1
92461 1
92462 2
92463 3
92464 3
92465 3
92466 4
92467 4
92468 4
92469 4
92470 5
92471 4
92472 5
92473 4
92474 2
92479 1
92480 6
92481 2
92482 2
92483 2
92484 2
92485 2
92489 33
92514 6
92515 6
92516 7
92517 7
92519 36
92528 8
92529 8
92532 2
92544 5
92550 8
92551 8
92553 6
92579 8
92595 6
92596 6
92597 4
92598 4
92640 11
92642 11
92643 11
92644 11
92645 11
92646 12
92679 9
92682 9
92683 9
92684 9
92685 9
92693 9
92698 9
92699 9
92700 9
92701 9
92703 9
92706 20
92707 33
92708 12
92709 12
92727 10
92741 13
92742 12
92743 40
92744 12
92745 14
92747 15
92748 16
92749 16
92750 16
92751 16
92752 16
92753 18
92754 35
92755 35
92814 35
92817 35
92818 35
92819 18
92834 11
92840 11
92841 40
92844 42
92846 40
92847 42
92849 10
92850 10
92860 12
92871 11
92873 41
92880 11
92881 11
92893 42
92894 40
92909 15
92910 15
92911 15
92947 12
93034 38
93035 38
93036 8
93037 40
93041 38
93044 38
93045 38
93058 42
93062 42
93065 12
93066 43
93072 43
93089 13
93090 13
93122 43
93125 43
93128 42
93129 43
93159 13
93160 13
93165 13
93172 13
93173 11
93176 35
93188 43
93196 42
93224 40
93225 40
93226 45
93227 45
93317 9
93318 9
93319 7
93320 11
93429 35
93430 35
93459 13
93461 6
93464 38
93465 40
93552 4
93585 34
93663 35
93680 33
93735 9
93736 9
93737 9
93738 9
93739 13
93740 11
93746 9
93791 10
93797 10
93835 12
93836 12
93862 60
93926 8
93927 8
93928 15
93948 9
93949 8
93951 7
93958 12
93963 13
94003 10
94004 60
94006 10
94007 10
94013 10
94050 10
94212 60
94213 60
94214 60
94215 60
94216 60
94217 60
94218 60
94219 60
94220 60
94221 60
94222 60
94223 60
94224 60
94225 60
94226 60
94227 60
94228 60
94229 60
94230 60
94231 60
94232 60
94233 60
94234 60
94235 60
94236 60
94237 60
94238 60
94239 60
94240 60
94241 60
94242 60
94243 60
94244 60
94245 60
94246 60
94247 60
94248 60
94249 60
94250 60
94251 60
94252 60
94253 60
94254 60
94255 60
94256 60
94257 60
94258 60
94259 60
94260 60
94261 60
94262 60
94263 60
94264 60
94265 60
94266 60
94267 60
94268 60
94269 60
94270 60
94271 60
94272 60
94273 60
94274 60
94275 60
94276 60
94277 60
94278 60
94279 60
94280 60
94281 60
94282 60
94283 60
94284 60
94285 60
94286 60
94287 60
94288 60
94289 60
94290 60
94291 60
94292 60
94293 60
94294 60
94295 60
94296 60
94297 60
94298 60
94299 60
94300 60
94301 60
94302 60
94303 60
94304 60
94305 60
94306 60
94307 60
94308 60
94309 60
94310 60
94311 60
94312 60
94313 60
94314 60
94315 60
94316 60
94317 60
94318 60
94319 60
94320 60
94321 60
94322 60
94323 60
94324 60
94325 60
94326 60
94327 60
94328 60
94329 60
94330 60
94331 60
94332 60
94333 60
94334 60
94335 60
94336 60
94337 60
94338 60
94339 60
94340 60
94341 60
94342 60
94343 60
94344 60
94345 60
94346 60
94347 60
94348 60
94349 60
94350 60
94351 60
94352 60
94353 60
94354 60
94355 60
94356 60
94357 60
94358 60
94359 60
94360 60
94369 12
94373 4
94374 4
94375 4
94411 6
94413 6
94414 2
94427 12
94434 12
94435 12
94436 12
94438 12
94440 12
94441 12
94449 10
94465 11
94466 14
94467 14
94468 14
94472 4
94473 13
94484 11
94485 12
94486 11
94487 11
94488 11
94489 12
94490 12
94491 12
94493 11
94494 20
94495 22
94497 22
94499 22
94500 23
94501 23
94502 23
94503 23
94505 23
94559 11
94568 11
94616 20
94638 10
94773 10
94774 10
94775 10
94776 10
94778 10
94789 30
94792 10
94793 10
94817 10
94818 20
94819 20
94820 20
94821 10
94822 10
94823 10
94824 10
94825 10
94826 10
94863 10
94864 10
94872 45
94873 45
94896 11
94897 11
94898 11
94901 11
94902 11
94911 10
94912 10
94913 10
94914 10
94946 13
94947 13
94978 10
94979 10
95034 24
95036 25
95041 10
95042 25
95065 12
95111 25
95125 25
95126 25
95140 26
95161 22
95189 22
95195 22
95204 22
95212 10
95213 10
95214 10
95216 22
95217 10
95250 21
95314 10
95328 13
95349 13
95350 13
95494 18
95495 18
95507 18
95508 18
95534 36
95621 18
95646 31
95647 31
95663 31
95664 31
95682 31
95697 31
95737 31
95748 40
95770 40
95772 31
95773 37
95774 20
95775 40
95776 38
95795 31
95803 12
95805 4
95809 31
95810 31
95816 60
95819 60
95883 23
95884 23
95885 23
95981 20
95998 6
95999 25
96016 40
96031 6
96044 6
96045 6
96046 6
96047 6
96050 6
96055 6
96056 6
96057 6
96058 6
96059 6
96101 6
96102 6
96130 5
96135 40
96136 35
96137 24
96138 28
96139 22
96204 22
96222 42
96241 30
96243 10
96259 30
96260 30
96261 31
96264 33
96294 30
96339 60
96390 13
96391 15
96392 13
96393 16
96394 15
96395 15
96403 15
96408 13
96604 6
96605 6
96606 6
96607 6
96608 6
96626 6
96627 6
96628 6
96629 6
96630 6
96634 6
96638 6
96646 6
96652 6
96655 6
96656 6
96658 6
96659 6
96661 6
96774 40
96779 24
96781 36
96782 36
96783 34
96784 34
96785 34
96786 34
96800 38
96821 6
96822 6
96825 6
96873 8
96874 10
96875 10
96876 8
96877 12
96895 12
96896 12
96897 12
96898 12
96899 12
96984 33
96986 33
96987 33
96988 33
97003 21
97005 21
97047 38
97048 38
97065 60
97066 60
97067 60
97220 15
97222 15
97223 8
97225 9
97234 18
97236 5
97237 18
97242 15
97243 10
97244 10
97245 10
97246 15
97249 15
97250 23
97253 14
97257 10
97263 2
97265 33
97275 15
97277 6
97279 2
97281 11
97282 11
97284 33
97286 20
97287 33
97288 21
97289 21
97290 21
97291 21
97292 21
97326 15
97328 35
97329 35
97331 35
97485 10
97538 26
97539 36
97558 11
97583 1
97891 16
97894 17
97899 6
97900 6
97901 6
97902 6
97903 6
97904 6
97905 6
97906 6
97907 6
97908 6
97914 17
97915 6
97916 6
97917 6
97918 6
97919 6
97920 6
97921 6
97922 6
97923 6
97924 6
97925 6
97926 17
97927 6
97928 6
97929 6
97930 6
97931 6
97932 6
97933 6
97934 6
97935 6
97936 6
97937 6
97938 6
97939 6
97940 6
97941 6
97942 6
97943 6
97944 6
97946 6
97948 6
97949 6
97950 6
97951 6
97952 6
97953 6
97954 6
97955 6
97956 6
97957 6
97958 6
97959 6
97960 6
97961 6
97963 6
97964 6
97965 6
97967 6
97968 6
97969 6
97970 6
97971 6
97972 6
97973 6
97977 3
97979 1
97985 33
98013 20
98021 13
98024 13
98025 13
98027 29
98028 21
98042 17
98046 11
98059 27
98065 11
98067 11
98069 31
98070 31
98071 27
98072 27
98093 23
98094 25
98095 25
98155 31
98156 31
98189 25
98190 25
98191 25
98197 22
98208 29
98209 29
98216 31
98219 30
98221 28
98223 31
98230 29
98240 29
98245 29
98246 29
98247 60
98248 60
98251 22
98252 22
98282 22
98283 30
98284 6
98285 6
98286 6
98287 6
98291 30
98293 30
98297 34
98298 16
98299 20
98300 34
98310 32
98313 32
98319 8
98321 7
98322 8
98323 8
98326 9
98338 33
98340 20
98341 20
98342 20
98362 20
98372 60
98386 21
98387 21
98389 4
98391 10
98392 12
98393 20
98394 20
98396 20
98397 20
98398 12
98403 12
98404 20
98405 20
98407 17
98417 30
98418 30
98423 16
98424 10
98427 12
98430 8
98435 10
98459 21
98461 21
98463 33
98471 35
98512 11
98517 10
98545 12
98574 1
98575 1
98576 1
98581 1
98601 1
98731 20
98738 20
98739 20
98815 28
98823 31
98824 31
98887 39
98889 49
98891 59
98893 60
98895 39
98897 49
98899 59
98901 60
98903 39
98904 49
98905 60
98906 39
98907 49
98908 60
98910 39
98913 39
98977 60
98983 60
99046 9
99047 9
99048 11
99049 11
99050 10
99051 11
99052 12
99053 9
99073 10
99079 9
99080 9
99081 9
99082 9
99101 9
99108 6
99123 8
99127 7
99128 7
99129 7
99130 7
99131 7
99134 6
99141 6
99142 11
99143 7
99144 7
99145 1
99152 12
99153 12
99156 13
99158 8
99159 8
99160 8
99161 8
99162 8
99191 60
99192 60
99196 60
99197 60
99260 10
99267 60
99411 7
